  646
    3.5000   -1.2500   -5.3063   -5.7241
    3.5000   -1.0000   -5.0747   -5.5059
    3.5000   -0.7500   -4.8501   -5.2987
    3.5000   -0.5000   -4.6329   -5.1017
    3.5000   -0.2500   -4.4228   -4.9126
    3.5000    0.0000   -4.2195   -4.7292
    3.5000    0.2500   -4.0231   -4.5501
    3.5000    0.5000   -3.8337   -4.3752
    3.5000    0.7500   -3.6514   -4.2047
    3.5000    1.0000   -3.4755   -4.0387
    3.5000    1.2500   -3.3051   -3.8767
    3.5000    1.5000   -3.1389   -3.7175
    3.5000    1.7500   -2.9750   -3.5597
    3.5000    2.0000   -2.8115   -3.4015
    3.5000    2.2500   -2.6466   -3.2414
    3.5000    2.5000   -2.4784   -3.0779
    3.5000    2.7500   -2.3059   -2.9107
    3.5000    3.0000   -2.1276   -2.7391
    3.5000    3.2500   -1.9442   -2.5656
    3.5000    3.5000   -1.7561   -2.3927
    3.5000    3.7500   -1.5639   -2.2240
    3.5000    4.0000   -1.3681   -2.0637
    3.5000    4.2500   -1.1693   -1.9158
    3.5000    4.5000   -0.9688   -1.7832
    3.5000    4.7500   -0.7684   -1.6668
    3.5000    5.0000   -0.5702   -1.5659
    3.5000    5.2500   -0.3763   -1.4790
    3.5000    5.5000   -0.1889   -1.4051
    3.5000    5.7500   -0.0094   -1.3432
    3.5000    6.0000    0.1619   -1.2921
    3.5000    6.2500    0.3256   -1.2500
    3.5000    6.5000    0.4833   -1.2147
    3.5000    6.7500    0.6363   -1.1844
    3.5000    7.0000    0.7858   -1.1574
    3.5000    7.2500    0.9326   -1.1326
    3.5000    7.5000    1.0772   -1.1093
    3.5000    7.7500    1.2196   -1.0870
    3.5000    8.0000    1.3596   -1.0656
    3.5500   -1.2500   -5.2540   -6.0613
    3.5500   -1.0000   -5.0140   -5.8219
    3.5500   -0.7500   -4.7710   -5.5795
    3.5500   -0.5000   -4.5269   -5.3360
    3.5500   -0.2500   -4.2832   -5.0935
    3.5500    0.0000   -4.0418   -4.8537
    3.5500    0.2500   -3.8043   -4.6187
    3.5500    0.5000   -3.5725   -4.3904
    3.5500    0.7500   -3.3477   -4.1702
    3.5500    1.0000   -3.1306   -3.9582
    3.5500    1.2500   -2.9210   -3.7540
    3.5500    1.5000   -2.7187   -3.5567
    3.5500    1.7500   -2.5238   -3.3660
    3.5500    2.0000   -2.3362   -3.1821
    3.5500    2.2500   -2.1558   -3.0047
    3.5500    2.5000   -1.9819   -2.8335
    3.5500    2.7500   -1.8135   -2.6675
    3.5500    3.0000   -1.6490   -2.5055
    3.5500    3.2500   -1.4868   -2.3460
    3.5500    3.5000   -1.3250   -2.1876
    3.5500    3.7500   -1.1619   -2.0294
    3.5500    4.0000   -0.9957   -1.8708
    3.5500    4.2500   -0.8252   -1.7124
    3.5500    4.5000   -0.6492   -1.5560
    3.5500    4.7500   -0.4673   -1.4045
    3.5500    5.0000   -0.2794   -1.2615
    3.5500    5.2500   -0.0868   -1.1306
    3.5500    5.5000    0.1081   -1.0143
    3.5500    5.7500    0.3023   -0.9132
    3.5500    6.0000    0.4933   -0.8263
    3.5500    6.2500    0.6790   -0.7522
    3.5500    6.5000    0.8581   -0.6896
    3.5500    6.7500    1.0300   -0.6372
    3.5500    7.0000    1.1946   -0.5938
    3.5500    7.2500    1.3525   -0.5580
    3.5500    7.5000    1.5046   -0.5281
    3.5500    7.7500    1.6519   -0.5028
    3.5500    8.0000    1.7953   -0.4807
    3.6000   -1.2500   -4.8196   -5.8840
    3.6000   -1.0000   -4.6606   -5.7283
    3.6000   -0.7500   -4.4934   -5.5640
    3.6000   -0.5000   -4.3162   -5.3894
    3.6000   -0.2500   -4.1274   -5.2028
    3.6000    0.0000   -3.9259   -5.0033
    3.6000    0.2500   -3.7122   -4.7910
    3.6000    0.5000   -3.4879   -4.5679
    3.6000    0.7500   -3.2559   -4.3367
    3.6000    1.0000   -3.0192   -4.1007
    3.6000    1.2500   -2.7810   -3.8631
    3.6000    1.5000   -2.5440   -3.6270
    3.6000    1.7500   -2.3109   -3.3951
    3.6000    2.0000   -2.0838   -3.1694
    3.6000    2.2500   -1.8640   -2.9514
    3.6000    2.5000   -1.6520   -2.7413
    3.6000    2.7500   -1.4477   -2.5389
    3.6000    3.0000   -1.2511   -2.3441
    3.6000    3.2500   -1.0622   -2.1569
    3.6000    3.5000   -0.8807   -1.9770
    3.6000    3.7500   -0.7061   -1.8042
    3.6000    4.0000   -0.5374   -1.6377
    3.6000    4.2500   -0.3731   -1.4764
    3.6000    4.5000   -0.2115   -1.3195
    3.6000    4.7500   -0.0508   -1.1662
    3.6000    5.0000    0.1109   -1.0166
    3.6000    5.2500    0.2755   -0.8714
    3.6000    5.5000    0.4447   -0.7327
    3.6000    5.7500    0.6196   -0.6029
    3.6000    6.0000    0.8001   -0.4843
    3.6000    6.2500    0.9846   -0.3787
    3.6000    6.5000    1.1702   -0.2865
    3.6000    6.7500    1.3539   -0.2072
    3.6000    7.0000    1.5334   -0.1398
    3.6000    7.2500    1.7070   -0.0831
    3.6000    7.5000    1.8739   -0.0360
    3.6000    7.7500    2.0338    0.0025
    3.6000    8.0000    2.1870    0.0337
    3.6500   -1.2500   -3.9603   -5.2100
    3.6500   -1.0000   -3.8283   -5.0886
    3.6500   -0.7500   -3.6952   -4.9639
    3.6500   -0.5000   -3.5609   -4.8363
    3.6500   -0.2500   -3.4248   -4.7057
    3.6500    0.0000   -3.2863   -4.5718
    3.6500    0.2500   -3.1446   -4.4341
    3.6500    0.5000   -2.9986   -4.2916
    3.6500    0.7500   -2.8470   -4.1432
    3.6500    1.0000   -2.6881   -3.9873
    3.6500    1.2500   -2.5199   -3.8221
    3.6500    1.5000   -2.3407   -3.6456
    3.6500    1.7500   -2.1490   -3.4565
    3.6500    2.0000   -1.9449   -3.2544
    3.6500    2.2500   -1.7297   -3.0409
    3.6500    2.5000   -1.5066   -2.8192
    3.6500    2.7500   -1.2797   -2.5934
    3.6500    3.0000   -1.0531   -2.3680
    3.6500    3.2500   -0.8303   -2.1465
    3.6500    3.5000   -0.6137   -1.9313
    3.6500    3.7500   -0.4044   -1.7234
    3.6500    4.0000   -0.2027   -1.5233
    3.6500    4.2500   -0.0087   -1.3311
    3.6500    4.5000    0.1776   -1.1468
    3.6500    4.7500    0.3564   -0.9705
    3.6500    5.0000    0.5289   -0.8017
    3.6500    5.2500    0.6955   -0.6406
    3.6500    5.5000    0.8587   -0.4864
    3.6500    5.7500    1.0200   -0.3395
    3.6500    6.0000    1.1815   -0.2010
    3.6500    6.2500    1.3451   -0.0725
    3.6500    6.5000    1.5122    0.0439
    3.6500    6.7500    1.6830    0.1467
    3.6500    7.0000    1.8565    0.2359
    3.6500    7.2500    2.0307    0.3121
    3.6500    7.5000    2.2032    0.3765
    3.6500    7.7500    2.3711    0.4301
    3.6500    8.0000    2.5337    0.4741
    3.7000   -1.2500   -3.0960   -4.3882
    3.7000   -1.0000   -2.9678   -4.3037
    3.7000   -0.7500   -2.8397   -4.2116
    3.7000   -0.5000   -2.7115   -4.1127
    3.7000   -0.2500   -2.5831   -4.0079
    3.7000    0.0000   -2.4544   -3.8979
    3.7000    0.2500   -2.3253   -3.7836
    3.7000    0.5000   -2.1958   -3.6656
    3.7000    0.7500   -2.0655   -3.5445
    3.7000    1.0000   -1.9343   -3.4205
    3.7000    1.2500   -1.8017   -3.2938
    3.7000    1.5000   -1.6674   -3.1642
    3.7000    1.7500   -1.5306   -3.0315
    3.7000    2.0000   -1.3905   -2.8950
    3.7000    2.2500   -1.2461   -2.7539
    3.7000    2.5000   -1.0959   -2.6069
    3.7000    2.7500   -0.9384   -2.4526
    3.7000    3.0000   -0.7719   -2.2892
    3.7000    3.2500   -0.5948   -2.1152
    3.7000    3.5000   -0.4065   -1.9297
    3.7000    3.7500   -0.2078   -1.7336
    3.7000    4.0000   -0.0013   -1.5294
    3.7000    4.2500    0.2089   -1.3212
    3.7000    4.5000    0.4187   -1.1134
    3.7000    4.7500    0.6247   -0.9095
    3.7000    5.0000    0.8251   -0.7114
    3.7000    5.2500    1.0188   -0.5204
    3.7000    5.5000    1.2055   -0.3373
    3.7000    5.7500    1.3852   -0.1628
    3.7000    6.0000    1.5585    0.0025
    3.7000    6.2500    1.7265    0.1581
    3.7000    6.5000    1.8910    0.3028
    3.7000    6.7500    2.0538    0.4349
    3.7000    7.0000    2.2164    0.5526
    3.7000    7.2500    2.3798    0.6540
    3.7000    7.5000    2.5437    0.7389
    3.7000    7.7500    2.7072    0.8084
    3.7000    8.0000    2.8686    0.8644
    3.7500   -1.2500   -2.3298   -3.4010
    3.7500   -1.0000   -2.1942   -3.3568
    3.7500   -0.7500   -2.0610   -3.3082
    3.7500   -0.5000   -1.9296   -3.2537
    3.7500   -0.2500   -1.7996   -3.1919
    3.7500    0.0000   -1.6705   -3.1223
    3.7500    0.2500   -1.5420   -3.0446
    3.7500    0.5000   -1.4140   -2.9591
    3.7500    0.7500   -1.2861   -2.8662
    3.7500    1.0000   -1.1584   -2.7668
    3.7500    1.2500   -1.0307   -2.6618
    3.7500    1.5000   -0.9029   -2.5518
    3.7500    1.7500   -0.7748   -2.4378
    3.7500    2.0000   -0.6463   -2.3204
    3.7500    2.2500   -0.5172   -2.1999
    3.7500    2.5000   -0.3872   -2.0768
    3.7500    2.7500   -0.2561   -1.9512
    3.7500    3.0000   -0.1233   -1.8229
    3.7500    3.2500    0.0117   -1.6918
    3.7500    3.5000    0.1497   -1.5574
    3.7500    3.7500    0.2915   -1.4189
    3.7500    4.0000    0.4383   -1.2755
    3.7500    4.2500    0.5912   -1.1259
    3.7500    4.5000    0.7517   -0.9690
    3.7500    4.7500    0.9204   -0.8039
    3.7500    5.0000    1.0975   -0.6305
    3.7500    5.2500    1.2816   -0.4500
    3.7500    5.5000    1.4704   -0.2649
    3.7500    5.7500    1.6606   -0.0787
    3.7500    6.0000    1.8496    0.1055
    3.7500    6.2500    2.0350    0.2849
    3.7500    6.5000    2.2158    0.4571
    3.7500    6.7500    2.3913    0.6197
    3.7500    7.0000    2.5620    0.7705
    3.7500    7.2500    2.7285    0.9070
    3.7500    7.5000    2.8921    1.0264
    3.7500    7.7500    3.0532    1.1267
    3.7500    8.0000    3.2119    1.2071
    3.8000   -1.2500   -1.7766   -2.5200
    3.8000   -1.0000   -1.6011   -2.4389
    3.8000   -0.7500   -1.4366   -2.3744
    3.8000   -0.5000   -1.2813   -2.3209
    3.8000   -0.2500   -1.1332   -2.2737
    3.8000    0.0000   -0.9907   -2.2290
    3.8000    0.2500   -0.8524   -2.1834
    3.8000    0.5000   -0.7173   -2.1347
    3.8000    0.7500   -0.5846   -2.0808
    3.8000    1.0000   -0.4535   -2.0204
    3.8000    1.2500   -0.3238   -1.9525
    3.8000    1.5000   -0.1950   -1.8767
    3.8000    1.7500   -0.0668   -1.7932
    3.8000    2.0000    0.0610   -1.7023
    3.8000    2.2500    0.1885   -1.6049
    3.8000    2.5000    0.3158   -1.5016
    3.8000    2.7500    0.4432   -1.3933
    3.8000    3.0000    0.5707   -1.2809
    3.8000    3.2500    0.6984   -1.1649
    3.8000    3.5000    0.8266   -1.0460
    3.8000    3.7500    0.9555   -0.9245
    3.8000    4.0000    1.0852   -0.8006
    3.8000    4.2500    1.2163   -0.6745
    3.8000    4.5000    1.3491   -0.5459
    3.8000    4.7500    1.4841   -0.4148
    3.8000    5.0000    1.6220   -0.2806
    3.8000    5.2500    1.7635   -0.1429
    3.8000    5.5000    1.9093   -0.0011
    3.8000    5.7500    2.0601    0.1453
    3.8000    6.0000    2.2162    0.2965
    3.8000    6.2500    2.3775    0.4522
    3.8000    6.5000    2.5432    0.6113
    3.8000    6.7500    2.7119    0.7716
    3.8000    7.0000    2.8819    0.9305
    3.8000    7.2500    3.0513    1.0843
    3.8000    7.5000    3.2188    1.2291
    3.8000    7.7500    3.3835    1.3603
    3.8000    8.0000    3.5448    1.4738
    3.8500   -1.2500   -1.5916   -2.2932
    3.8500   -1.0000   -1.3551   -2.0801
    3.8500   -0.7500   -1.1264   -1.8872
    3.8500   -0.5000   -0.9084   -1.7203
    3.8500   -0.2500   -0.7032   -1.5821
    3.8500    0.0000   -0.5117   -1.4718
    3.8500    0.2500   -0.3333   -1.3851
    3.8500    0.5000   -0.1666   -1.3161
    3.8500    0.7500   -0.0094   -1.2589
    3.8500    1.0000    0.1402   -1.2085
    3.8500    1.2500    0.2838   -1.1609
    3.8500    1.5000    0.4230   -1.1127
    3.8500    1.7500    0.5587   -1.0614
    3.8500    2.0000    0.6920   -1.0050
    3.8500    2.2500    0.8233   -0.9421
    3.8500    2.5000    0.9532   -0.8719
    3.8500    2.7500    1.0822   -0.7940
    3.8500    3.0000    1.2104   -0.7086
    3.8500    3.2500    1.3381   -0.6161
    3.8500    3.5000    1.4655   -0.5173
    3.8500    3.7500    1.5927   -0.4131
    3.8500    4.0000    1.7199   -0.3041
    3.8500    4.2500    1.8471   -0.1913
    3.8500    4.5000    1.9747   -0.0752
    3.8500    4.7500    2.1026    0.0436
    3.8500    5.0000    2.2311    0.1647
    3.8500    5.2500    2.3605    0.2878
    3.8500    5.5000    2.4910    0.4129
    3.8500    5.7500    2.6229    0.5398
    3.8500    6.0000    2.7566    0.6687
    3.8500    6.2500    2.8925    0.7994
    3.8500    6.5000    3.0308    0.9321
    3.8500    6.7500    3.1718    1.0666
    3.8500    7.0000    3.3157    1.2024
    3.8500    7.2500    3.4622    1.3386
    3.8500    7.5000    3.6110    1.4733
    3.8500    7.7500    3.7612    1.6038
    3.8500    8.0000    3.9118    1.7263
    3.9000   -1.2500   -1.5736   -2.4664
    3.9000   -1.0000   -1.3247   -2.2194
    3.9000   -0.7500   -1.0765   -1.9746
    3.9000   -0.5000   -0.8298   -1.7337
    3.9000   -0.2500   -0.5854   -1.4994
    3.9000    0.0000   -0.3448   -1.2754
    3.9000    0.2500   -0.1103   -1.0674
    3.9000    0.5000    0.1155   -0.8814
    3.9000    0.7500    0.3300   -0.7222
    3.9000    1.0000    0.5313   -0.5919
    3.9000    1.2500    0.7189   -0.4882
    3.9000    1.5000    0.8938   -0.4061
    3.9000    1.7500    1.0576   -0.3397
    3.9000    2.0000    1.2124   -0.2832
    3.9000    2.2500    1.3601   -0.2318
    3.9000    2.5000    1.5024   -0.1818
    3.9000    2.7500    1.6405   -0.1300
    3.9000    3.0000    1.7755   -0.0741
    3.9000    3.2500    1.9082   -0.0125
    3.9000    3.5000    2.0391    0.0559
    3.9000    3.7500    2.1688    0.1318
    3.9000    4.0000    2.2975    0.2150
    3.9000    4.2500    2.4256    0.3053
    3.9000    4.5000    2.5532    0.4020
    3.9000    4.7500    2.6806    0.5043
    3.9000    5.0000    2.8078    0.6113
    3.9000    5.2500    2.9351    0.7223
    3.9000    5.5000    3.0625    0.8365
    3.9000    5.7500    3.1903    0.9534
    3.9000    6.0000    3.3185    1.0723
    3.9000    6.2500    3.4473    1.1930
    3.9000    6.5000    3.5770    1.3151
    3.9000    6.7500    3.7075    1.4382
    3.9000    7.0000    3.8392    1.5619
    3.9000    7.2500    3.9721    1.6859
    3.9000    7.5000    4.1062    1.8093
    3.9000    7.7500    4.2413    1.9307
    3.9000    8.0000    4.3774    2.0484
    3.9500   -1.2500   -1.5722   -2.6727
    3.9500   -1.0000   -1.3224   -2.4230
    3.9500   -0.7500   -1.0726   -2.1735
    3.9500   -0.5000   -0.8229   -1.9244
    3.9500   -0.2500   -0.5734   -1.6758
    3.9500    0.0000   -0.3244   -1.4285
    3.9500    0.2500   -0.0760   -1.1830
    3.9500    0.5000    0.1712   -0.9410
    3.9500    0.7500    0.4163   -0.7046
    3.9500    1.0000    0.6580   -0.4776
    3.9500    1.2500    0.8943   -0.2649
    3.9500    1.5000    1.1226   -0.0726
    3.9500    1.7500    1.3402    0.0940
    3.9500    2.0000    1.5450    0.2320
    3.9500    2.2500    1.7361    0.3428
    3.9500    2.5000    1.9141    0.4308
    3.9500    2.7500    2.0806    0.5019
    3.9500    3.0000    2.2377    0.5620
    3.9500    3.2500    2.3871    0.6162
    3.9500    3.5000    2.5308    0.6686
    3.9500    3.7500    2.6700    0.7222
    3.9500    4.0000    2.8059    0.7797
    3.9500    4.2500    2.9392    0.8426
    3.9500    4.5000    3.0707    0.9122
    3.9500    4.7500    3.2009    0.9888
    3.9500    5.0000    3.3301    1.0726
    3.9500    5.2500    3.4586    1.1631
    3.9500    5.5000    3.5867    1.2597
    3.9500    5.7500    3.7145    1.3616
    3.9500    6.0000    3.8422    1.4679
    3.9500    6.2500    3.9699    1.5778
    3.9500    6.5000    4.0979    1.6904
    3.9500    6.7500    4.2261    1.8052
    3.9500    7.0000    4.3548    1.9215
    3.9500    7.2500    4.4840    2.0387
    3.9500    7.5000    4.6138    2.1560
    3.9500    7.7500    4.7442    2.2726
    3.9500    8.0000    4.8753    2.3874
    4.0000   -1.2500   -1.5684   -2.8668
    4.0000   -1.0000   -1.3199   -2.6183
    4.0000   -0.7500   -1.0709   -2.3693
    4.0000   -0.5000   -0.8215   -2.1200
    4.0000   -0.2500   -0.5719   -1.8705
    4.0000    0.0000   -0.3222   -1.6210
    4.0000    0.2500   -0.0725   -1.3717
    4.0000    0.5000    0.1771   -1.1227
    4.0000    0.7500    0.4265   -0.8744
    4.0000    1.0000    0.6755   -0.6273
    4.0000    1.2500    0.9237   -0.3823
    4.0000    1.5000    1.1706   -0.1410
    4.0000    1.7500    1.4153    0.0941
    4.0000    2.0000    1.6563    0.3193
    4.0000    2.2500    1.8915    0.5292
    4.0000    2.5000    2.1184    0.7180
    4.0000    2.7500    2.3342    0.8805
    4.0000    3.0000    2.5370    1.0146
    4.0000    3.2500    2.7261    1.1222
    4.0000    3.5000    2.9024    1.2082
    4.0000    3.7500    3.0676    1.2785
    4.0000    4.0000    3.2236    1.3389
    4.0000    4.2500    3.3723    1.3944
    4.0000    4.5000    3.5156    1.4488
    4.0000    4.7500    3.6546    1.5051
    4.0000    5.0000    3.7904    1.5656
    4.0000    5.2500    3.9239    1.6317
    4.0000    5.5000    4.0557    1.7044
    4.0000    5.7500    4.1863    1.7838
    4.0000    6.0000    4.3161    1.8699
    4.0000    6.2500    4.4453    1.9620
    4.0000    6.5000    4.5742    2.0595
    4.0000    6.7500    4.7030    2.1615
    4.0000    7.0000    4.8319    2.2670
    4.0000    7.2500    4.9611    2.3752
    4.0000    7.5000    5.0905    2.4851
    4.0000    7.7500    5.2205    2.5959
    4.0000    8.0000    5.3511    2.7066
    4.0500   -1.2500   -1.5540   -3.0401
    4.0500   -1.0000   -1.3057   -2.7918
    4.0500   -0.7500   -1.0581   -2.5442
    4.0500   -0.5000   -0.8110   -2.2971
    4.0500   -0.2500   -0.5640   -2.0501
    4.0500    0.0000   -0.3166   -1.8028
    4.0500    0.2500   -0.0687   -1.5549
    4.0500    0.5000    0.1799   -1.3065
    4.0500    0.7500    0.4289   -1.0577
    4.0500    1.0000    0.6782   -0.8087
    4.0500    1.2500    0.9276   -0.5597
    4.0500    1.5000    1.1770   -0.3113
    4.0500    1.7500    1.4261   -0.0636
    4.0500    2.0000    1.6747    0.1824
    4.0500    2.2500    1.9223    0.4255
    4.0500    2.5000    2.1682    0.6639
    4.0500    2.7500    2.4112    0.8943
    4.0500    3.0000    2.6495    1.1121
    4.0500    3.2500    2.8808    1.3118
    4.0500    3.5000    3.1023    1.4876
    4.0500    3.7500    3.3117    1.6357
    4.0500    4.0000    3.5077    1.7562
    4.0500    4.2500    3.6904    1.8528
    4.0500    4.5000    3.8611    1.9310
    4.0500    4.7500    4.0217    1.9969
    4.0500    5.0000    4.1744    2.0558
    4.0500    5.2500    4.3207    2.1121
    4.0500    5.5000    4.4623    2.1690
    4.0500    5.7500    4.6004    2.2291
    4.0500    6.0000    4.7359    2.2940
    4.0500    6.2500    4.8695    2.3646
    4.0500    6.5000    5.0019    2.4417
    4.0500    6.7500    5.1334    2.5250
    4.0500    7.0000    5.2645    2.6141
    4.0500    7.2500    5.3954    2.7083
    4.0500    7.5000    5.5265    2.8067
    4.0500    7.7500    5.6579    2.9084
    4.0500    8.0000    5.7899    3.0127
    4.1000   -1.2500   -1.5512   -3.2161
    4.1000   -1.0000   -1.3013   -2.9662
    4.1000   -0.7500   -1.0515   -2.7164
    4.1000   -0.5000   -0.8019   -2.4668
    4.1000   -0.2500   -0.5525   -2.2175
    4.1000    0.0000   -0.3036   -1.9685
    4.1000    0.2500   -0.0551   -1.7201
    4.1000    0.5000    0.1926   -1.4724
    4.1000    0.7500    0.4399   -1.2252
    4.1000    1.0000    0.6869   -0.9783
    4.1000    1.2500    0.9340   -0.7312
    4.1000    1.5000    1.1818   -0.4837
    4.1000    1.7500    1.4300   -0.2358
    4.1000    2.0000    1.6788    0.0124
    4.1000    2.2500    1.9277    0.2605
    4.1000    2.5000    2.1766    0.5079
    4.1000    2.7500    2.4252    0.7539
    4.1000    3.0000    2.6729    0.9973
    4.1000    3.2500    2.9190    1.2363
    4.1000    3.5000    3.1625    1.4678
    4.1000    3.7500    3.4017    1.6877
    4.1000    4.0000    3.6344    1.8905
    4.1000    4.2500    3.8578    2.0704
    4.1000    4.5000    4.0695    2.2232
    4.1000    4.7500    4.2681    2.3485
    4.1000    5.0000    4.4534    2.4493
    4.1000    5.2500    4.6266    2.5312
    4.1000    5.5000    4.7896    2.6000
    4.1000    5.7500    4.9444    2.6610
    4.1000    6.0000    5.0928    2.7190
    4.1000    6.2500    5.2365    2.7772
    4.1000    6.5000    5.3766    2.8380
    4.1000    6.7500    5.5142    2.9033
    4.1000    7.0000    5.6500    2.9739
    4.1000    7.2500    5.7849    3.0503
    4.1000    7.5000    5.9192    3.1325
    4.1000    7.7500    6.0534    3.2199
    4.1000    8.0000    6.1880    3.3119
    4.1500   -1.2500   -1.5510   -3.3868
    4.1500   -1.0000   -1.3010   -3.1368
    4.1500   -0.7500   -1.0511   -2.8869
    4.1500   -0.5000   -0.8011   -2.6369
    4.1500   -0.2500   -0.5511   -2.3869
    4.1500    0.0000   -0.3012   -2.1370
    4.1500    0.2500   -0.0514   -1.8872
    4.1500    0.5000    0.1984   -1.6375
    4.1500    0.7500    0.4480   -1.3879
    4.1500    1.0000    0.6973   -1.1387
    4.1500    1.2500    0.9461   -0.8899
    4.1500    1.5000    1.1944   -0.6417
    4.1500    1.7500    1.4420   -0.3942
    4.1500    2.0000    1.6891   -0.1473
    4.1500    2.2500    1.9361    0.0994
    4.1500    2.5000    2.1833    0.3461
    4.1500    2.7500    2.4309    0.5931
    4.1500    3.0000    2.6790    0.8401
    4.1500    3.2500    2.9273    1.0865
    4.1500    3.5000    3.1754    1.3316
    4.1500    3.7500    3.4227    1.5740
    4.1500    4.0000    3.6684    1.8116
    4.1500    4.2500    3.9114    2.0414
    4.1500    4.5000    4.1499    2.2588
    4.1500    4.7500    4.3816    2.4584
    4.1500    5.0000    4.6038    2.6345
    4.1500    5.2500    4.8143    2.7838
    4.1500    5.5000    5.0118    2.9058
    4.1500    5.7500    5.1964    3.0046
    4.1500    6.0000    5.3694    3.0855
    4.1500    6.2500    5.5327    3.1543
    4.1500    6.5000    5.6883    3.2163
    4.1500    6.7500    5.8381    3.2758
    4.1500    7.0000    5.9835    3.3358
    4.1500    7.2500    6.1259    3.3986
    4.1500    7.5000    6.2664    3.4657
    4.1500    7.7500    6.4057    3.5383
    4.1500    8.0000    6.5447    3.6161
    4.2000   -1.2500   -1.5510   -3.5509
    4.2000   -1.0000   -1.3010   -3.3009
    4.2000   -0.7500   -1.0510   -3.0509
    4.2000   -0.5000   -0.8010   -2.8009
    4.2000   -0.2500   -0.5510   -2.5509
    4.2000    0.0000   -0.3010   -2.3009
    4.2000    0.2500   -0.0511   -2.0510
    4.2000    0.5000    0.1989   -1.8010
    4.2000    0.7500    0.4489   -1.5511
    4.2000    1.0000    0.6988   -1.3012
    4.2000    1.2500    0.9487   -1.0513
    4.2000    1.5000    1.1985   -0.8016
    4.2000    1.7500    1.4481   -0.5520
    4.2000    2.0000    1.6975   -0.3027
    4.2000    2.2500    1.9465   -0.0539
    4.2000    2.5000    2.1950    0.1943
    4.2000    2.7500    2.4428    0.4418
    4.2000    3.0000    2.6899    0.6885
    4.2000    3.2500    2.9368    0.9346
    4.2000    3.5000    3.1836    1.1805
    4.2000    3.7500    3.4308    1.4260
    4.2000    4.0000    3.6782    1.6708
    4.2000    4.2500    3.9254    1.9140
    4.2000    4.5000    4.1718    2.1538
    4.2000    4.7500    4.4163    2.3877
    4.2000    5.0000    4.6576    2.6121
    4.2000    5.2500    4.8937    2.8221
    4.2000    5.5000    5.1220    3.0118
    4.2000    5.7500    5.3402    3.1768
    4.2000    6.0000    5.5463    3.3149
    4.2000    6.2500    5.7398    3.4275
    4.2000    6.5000    5.9211    3.5193
    4.2000    6.7500    6.0921    3.5960
    4.2000    7.0000    6.2545    3.6634
    4.2000    7.2500    6.4105    3.7256
    4.2000    7.5000    6.5618    3.7869
    4.2000    7.7500    6.7099    3.8502
    4.2000    8.0000    6.8561    3.9166
    4.2500   -1.2500   -1.5510   -3.7089
    4.2500   -1.0000   -1.3010   -3.4589
    4.2500   -0.7500   -1.0510   -3.2090
    4.2500   -0.5000   -0.8010   -2.9590
    4.2500   -0.2500   -0.5510   -2.7090
    4.2500    0.0000   -0.3010   -2.4590
    4.2500    0.2500   -0.0510   -2.2090
    4.2500    0.5000    0.1990   -1.9590
    4.2500    0.7500    0.4490   -1.7090
    4.2500    1.0000    0.6989   -1.4590
    4.2500    1.2500    0.9489   -1.2091
    4.2500    1.5000    1.1989   -0.9592
    4.2500    1.7500    1.4489   -0.7093
    4.2500    2.0000    1.6988   -0.4594
    4.2500    2.2500    1.9487   -0.2097
    4.2500    2.5000    2.1984    0.0400
    4.2500    2.7500    2.4480    0.2894
    4.2500    3.0000    2.6974    0.5384
    4.2500    3.2500    2.9463    0.7870
    4.2500    3.5000    3.1946    1.0347
    4.2500    3.7500    3.4423    1.2816
    4.2500    4.0000    3.6892    1.5274
    4.2500    4.2500    3.9358    1.7722
    4.2500    4.5000    4.1822    2.0160
    4.2500    4.7500    4.4286    2.2583
    4.2500    5.0000    4.6745    2.4980
    4.2500    5.2500    4.9192    2.7327
    4.2500    5.5000    5.1615    2.9592
    4.2500    5.7500    5.3993    3.1727
    4.2500    6.0000    5.6306    3.3683
    4.2500    6.2500    5.8529    3.5407
    4.2500    6.5000    6.0640    3.6870
    4.2500    6.7500    6.2630    3.8077
    4.2500    7.0000    6.4503    3.9064
    4.2500    7.2500    6.6271    3.9888
    4.2500    7.5000    6.7955    4.0602
    4.2500    7.7500    6.9574    4.1252
    4.2500    8.0000    7.1148    4.1898
    4.3000   -1.2500   -1.5510   -3.8617
    4.3000   -1.0000   -1.3010   -3.6117
    4.3000   -0.7500   -1.0510   -3.3617
    4.3000   -0.5000   -0.8010   -3.1117
    4.3000   -0.2500   -0.5510   -2.8617
    4.3000    0.0000   -0.3010   -2.6117
    4.3000    0.2500   -0.0510   -2.3617
    4.3000    0.5000    0.1990   -2.1117
    4.3000    0.7500    0.4490   -1.8617
    4.3000    1.0000    0.6990   -1.6117
    4.3000    1.2500    0.9490   -1.3618
    4.3000    1.5000    1.1990   -1.1118
    4.3000    1.7500    1.4489   -0.8618
    4.3000    2.0000    1.6989   -0.6119
    4.3000    2.2500    1.9489   -0.3620
    4.3000    2.5000    2.1989   -0.1122
    4.3000    2.7500    2.4488    0.1376
    4.3000    3.0000    2.6987    0.3873
    4.3000    3.2500    2.9485    0.6369
    4.3000    3.5000    3.1982    0.8862
    4.3000    3.7500    3.4477    1.1351
    4.3000    4.0000    3.6968    1.3835
    4.3000    4.2500    3.9454    1.6311
    4.3000    4.5000    4.1933    1.8776
    4.3000    4.7500    4.4403    2.1226
    4.3000    5.0000    4.6866    2.3658
    4.3000    5.2500    4.9323    2.6068
    4.3000    5.5000    5.1774    2.8448
    4.3000    5.7500    5.4213    3.0774
    4.3000    6.0000    5.6630    3.3021
    4.3000    6.2500    5.9008    3.5143
    4.3000    6.5000    6.1324    3.7087
    4.3000    6.7500    6.3554    3.8803
    4.3000    7.0000    6.5680    4.0265
    4.3000    7.2500    6.7692    4.1476
    4.3000    7.5000    6.9593    4.2480
    4.3000    7.7500    7.1398    4.3302
    4.3000    8.0000    7.3123    4.4034

 log(T)  log(P)    log(PE)   log(KAPPA)
 [K]     [CGS]     [CGS]     [CM^2/GM] 
